SON OF SON
Hosoe Shinji
100 30 3.5 190 NORMAL
2 0 538 19 384
2 4 538 16 384
2 8 538 18 384
2 12 538 17 405
2 16 538 17 398
2 20 538 18 391
2 24 538 17 384
2 28 538 17 398
2 32 538 18 391
2 36 538 17 384
2 40 538 17 398
2 44 538 18 391
0 48 538 17 384
1 52 538 17 398
0 56 538 18 391
1 60 538 17 384
0 64 538 17 398
1 68 538 18 391
0 72 538 17 384
1 74 538 19 405
1 76 538 19 391
0 77 538 19 384
1 77 538 19 377
1 80 538 18 384
0 82 538 18 398
0 84 538 18 405
1 87 538 17 405
1 90 538 17 398
1 92 538 17 391
0 94 538 17 384
1 96 538 17 377
0 98 538 16 377
0 100 538 16 384
1 100 538 16 391
0 104 538 16 398
1 106 538 16 405
0 108 538 19 377
1 110 538 18 391
0 116 538 18 391
1 127 538 18 405
0 127 538 19 377
0 130 538 16 391
0 133 538 16 405
1 135 538 16 405
1 137 538 17 398
1 140 538 19 384
0 142 538 18 398
1 144 538 17 391
0 150 538 17 405
1 158 538 17 377
0 160 538 16 405
1 163 538 17 377
0 168 538 16 384
1 168 538 16 384
0 170 538 16 377
1 173 538 17 391
0 175 538 18 405
1 178 538 19 384
0 180 538 17 405
1 182 538 17 377
0 185 538 17 391
1 187 538 17 398
0 190 538 16 398
1 192 538 16 405
0 195 538 16 391
1 197 538 19 377
1 200 538 18 391
0 207 538 16 398
0 210 538 19 384
1 212 538 16 384
1 215 538 18 384
1 217 538 17 384
0 220 538 18 405
0 227 538 17 398
1 229 538 17 377
0 232 538 19 377
1 239 538 17 377
0 244 538 17 377
1 244 538 17 384
0 247 538 18 405
1 249 538 16 391
1 249 538 19 377
1 254 538 19 384
0 257 538 16 384
0 264 538 17 377
1 266 538 16 398
1 271 538 19 377
0 274 538 18 377
1 276 538 18 384
1 281 538 18 391
0 284 538 17 398
0 286 538 17 391
0 289 538 17 377
1 291 538 18 377
1 294 538 16 391
1 296 538 17 391
0 298 538 18 391
1 301 538 16 405
0 303 538 18 398
0 306 538 19 377
1 313 538 17 377
0 321 538 17 398
1 323 538 18 391
0 326 538 17 384
1 328 538 17 398
0 331 538 18 391
1 333 538 17 384
0 336 538 17 398
1 338 538 18 391
0 341 538 17 384
1 348 538 17 384
0 350 538 17 398
1 353 538 18 391
0 355 538 17 384
1 358 538 19 405
0 360 538 19 398
1 363 538 19 391
1 368 538 19 377
1 370 538 18 377
0 378 538 18 398
0 380 538 18 405
1 382 538 17 405
1 385 538 17 398
1 387 538 17 391
0 390 538 17 384
0 397 538 16 384
1 400 538 16 391
0 407 538 19 377
1 410 538 16 405
0 412 538 18 391
1 415 538 18 405
0 417 538 19 391
1 420 538 18 377
1 422 538 17 398
0 427 538 19 377
0 429 538 16 391
0 432 538 16 405
1 434 538 16 405
1 439 538 19 384
0 442 538 18 398
1 444 538 17 391
0 447 538 17 405
0 449 538 17 391
0 452 538 17 384
1 454 538 17 377
0 457 538 16 405
1 459 538 17 377
0 461 538 16 384
1 464 538 16 384
0 466 538 16 377
1 469 538 17 391
0 471 538 18 405
1 474 538 19 384
0 476 538 17 405
1 479 538 17 377
0 481 538 17 391
0 486 538 16 398
1 489 538 16 405
1 494 538 19 377
1 496 538 18 391
1 498 538 17 398
0 501 538 19 398
0 503 538 16 398
0 506 538 19 384
1 508 538 16 384
0 516 538 18 405
1 518 538 17 405
0 521 538 17 398
0 523 538 17 398
1 526 538 17 405
0 528 538 17 398
1 536 538 17 377
0 538 538 17 377
1 540 538 17 384
0 543 538 18 405
1 545 538 16 391
1 548 538 19 377
1 550 538 19 384
0 555 538 16 405
0 558 538 16 405
0 560 538 17 377
1 563 538 16 398
0 565 538 17 398
1 568 538 19 377
0 570 538 18 377
1 577 538 18 391
0 580 538 17 398
0 582 538 17 391
0 585 538 17 377
1 587 538 18 377
0 595 538 18 391
1 597 538 16 405
0 600 538 18 398
0 602 538 19 377
0 605 538 16 405
0 607 538 17 391
1 614 538 18 391
0 617 538 17 398
1 619 538 18 391
1 624 538 17 398
0 627 538 18 391
0 632 538 17 398
1 634 538 18 391
1 639 538 17 398
0 642 538 18 391
1 644 538 17 384
0 647 538 17 398