EVANS
DJ YOSHITAKA
106 60 3.5 109 EXTREAM
3 0 538 17.5 393 
0 0 538 17.5 387
1 2 538 18 393
3 4 538 16.3 390
0 6 538 18.7 392
1 8 538 18.3 392
1 8 538 16.7 390
0 10 538 16.3 390
1 10 538 18.7 390
1 12 538 16 405 
0 14 538 17 377 
0 16 538 16 398 
1 16 538 18 390
3 18 538 16 392
1 18 538 18 388
0 20 538 16 395
1 20 538 16 405 
0 22 538 17.3 386
1 22 538 17.7 390
0 23 538 19 391 
1 24 538 17.5 392
1 25 538 17.7 394
0 27 538 17.7 394
0 28 538 17.6 392
2 34 538 16.3 390 
0 36 538 17.5 393 
3 36 538 17.5 387
0 38 538 19 377 
1 38 538 18.7 392
0 40 538 17.3 390
1 40 538 17.7 390
0 41 538 17.3 394
0 42 538 19 377 
3 45 538 18 390
0 48 538 19 377 
1 49 538 18 390
0 51 538 18 390
0 52 538 18 390
0 55 538 16 405 
0 56 538 18 390
0 58 538 18 390
1 60 538 17 390
0 62 538 18 390
2 64 538 16.3 393
0 66 538 29 387
1 67 538 19 390
0 68 538 18 394
0 69 538 17 396
1 71 538 18 390
1 75 538 18 390
1 71 538 16 390
0 76 538 18 390
1 78 538 16 390
1 79 538 18 393
1 81 538 18 387
0 81 538 18 392
2 84 538 16.3 392
2 88 538 16.3 388
2 91 538 16.3 392
0 92 538 17.3 390
1 94 538 17.3 388
0 97 538 18 390
0 100 538 18 390
1 102 538 18 387
0 102 538 16.3 390
1 104 538 18.7 392
0 106 538 18.3 392
1 108 538 16.7 390
0 110 538 16.3 390
1 115 538 18.7 390
1 120 538 18.7 390
0 122 538 16.3 390
0 125 538 16.0 390
1 126 538 18 390
0 130 538 16 392
1 131 538 18 388
0 133 538 16 395
1 135 538 18 392
0 138 538 17.3 386
1 138 538 17.7 390
1 140 538 17.3 390
1 140 538 17.5 392
1 142 538 17.7 394
1 144 538 17.9 396
0 146 538 17.7 394
0 147 538 17.6 392
2 150 538 16.3 390 
0 153 538 17.5 393 
1 153 538 17.5 387
0 158 538 16.3 390
1 158 538 18.7 392
0 162 538 17.3 390
1 162 538 17.7 390
0 166 538 17.3 394
0 166 538 17.7 386
0 168 538 18 390
0 170 538 18 390
1 172 538 18 387
0 174 538 18 392
2 177 538 16.3 392
3 180 538 16.3 388
2 182 538 16.3 392
0 183 538 17.3 390
1 185 538 17.3 390
0 187 538 18 390